# Minimum Distance Between Three Equal Elements II

Platform: leetcode
URL: https://leetcode.com/problems/minimum-distance-between-three-equal-elements-ii/description/

## Code
```
[48,55,34,36,38,44,38,1,1,47,16,49,46,64,62,47,20,21,3,51,32,14,18,26,39,36,60,34,29,39,8,67,19,30,46,43,26,62,15,64,33,26,51,53,6,56,8,49,10,60,27,42,3,19,57,65,59,54,65,5,17,20,29,63,10,6,9]
[64,26,64,64,26,26,64,26,26,64,64,26,26,64,26,64,26,64,64,26,64,26,64,26,26,64,64,26,64,64,26,26,26,64,26,26,64,64,64,64,26,64,64,26,26,26,64,26,26,26,26,64,64,26,26,26,26,26,64,64,64,26,64,64,64,26,26,64]
[52,57,66,59,41,67,57,62,12,35,9,55,26,11,11,45,11,50,51,54,25,44,64,6,41,65,18,40,38,2,17,8,22,36,42,52,33,52,30,26,43,62,42,23,4,35,19,35,29,66,52,16,54,59,57,53,53,12,2,28,40,1,30,17,24,49,22,26]
[4,35,35,4,4,35,35,4,4,35,35,35,4,35,35,35,4,35,4,35,35,35,4,35,35,4,4,4,4,4,4,35,35,4,4,4,4,35,4,4,35,35,4,4,35,4,4,35,4,4,35,35,4,35,4,35,4,35,35,4,35,4,4,35,4,35,35,4,35,35,35,35,4,4,4,35,4,35,35,4,4,35,35,4,35,4,4,4,35,4,4,35,35,4,35,35,35,35,35,4,35,4,35,4,35,4,35,35,35,4,35,35,35,35,35,35,35,4,35,4,35,4]
[16,90,114,70,6,81,32,126,68,80,34,83,49,104,130,46,43,129,73,20,41,118,65,56,121,43,74,116,81,125,51,86,15,7,79,51,54,107,131,13,2,94,75,64,6,93,54,68,98,14,29,115,117,94,10,12,118,10,103,87,102,16,76,39,30,13,126,117,47,43,104,14,73,35,123,37,55,29,22,74,70,7,31,5,98,48,55,87,37,90,111,24,84,46,85,120,89,126,48,112,8,93,82,127,52,68,10,14,55,15,42,110,66,96,35,21,32,74,120,34,129,78,123,25,56,98,11,64,37,58,41]
[68,68,68,93,93,93,93,68,93,68,68,93,68,68,93,68,68,93,93,93,93,93,93,68,93,93,93,93,68,68,93,68,93,93,93,68,93,68,68,68,93,68,68,93,68,68,93,93,68,68,68,68,68,68,68,93,68,93,93,93,68,93,68,68,93,93,93,93,93,93,93,68,68,93,68,68,93,68,68,68,93,93,93,68,68,68,93,93,68,68,68,68,93,93,93,93,68,68,93,68,68,93,93,93,68,93,68,68,93,68,68,93,68,93,68,93,93,93,68,93,68,93,68,93,93,68,93,93,93,93,93,68,93,93,93,93,93,93,93,68,93,93,68,68,93,68,68,68,68,68,93,93,93,93,68,68,93,68,93,93,93]
[178,103,178,103,103,178,178,103,103,178,103,178,103,103,178,178,178,178,178,103,103,178,178,103,103,103,178,103,103,103,103,178,103,178,103,178,178,103,103,103,178,178,178,178,103,178,103,178,103,103,103,103,103,103,178,178,178,103,178,103,178,103,103,178,103,178,178,178,178,178,103,103,103,103,178,103,103,178,178,178,103,103,103,103,178,178,178,103,178,103,103,103,103,103,178,103,103,103,178,103,178,178,103,178,178,103,103,178,178,178,178,103,103,103,103,178,103,103,103,103,103,178,103,178,178,178,103,103,103,103,103,178,178,178,103,103,103,103,103,103,178,178,178,103,178,178,178,103,103,178,178,178,103,103,103,178,178,103,178,178,178,103,178,178,178,103,178,103,178,178,103,178,103,178,178,178,178,178,178,103,178,103,178,103,178,103,103,178,178,103,178,103,103,103,178,103,178,103,178,178,103,103,178,178,103,103,178,178,103,103,178,103,178,178]
[94,121,28,17,137,137,117,93,121,27,44,146,36,121,193,53,41,214,155,202,112,108,29,135,66,145,25,162,94,215,142,208,206,80,51,45,87,51,49,69,137,9,113,95,59,73,77,43,4,188,123,64,205,23,84,164,193,181,34,147,148,62,41,202,213,53,100,178,178,128,177,137,101,206,91,155,209,179,82,124,128,8,11,20,75,121,89,101,22,5,59,28,151,25,81,144,7,89,3,95,140,16,51,18,90,152,86,41,107,91,99,72,133,208,54,167,93,185,209,158,215,96,91,27,61,158,111,72,87,25,59,107,7,139,119,92,186,79,71,213,141,202,125,86,45,79,73,58,29,128,160,157,64,12,51,82,133,2,5,191,106,173,11,197,132,20,4,162,210,11,73,133,19,58,202,15,66,123,117,197,40,154,107,110,113,128,192,149,15,30,3,141,77,201,77,179,198,10,150,102,184,144,130,20,157,48,35,125,134,112,106,138,11,184,132]
```
